2994,
3476,
3672,
4359,
4542,
5443,
6347,
6561,
6681,
6895,
6973,
7706,
8095,
8237,
8375,
8511,
8643,
10072,
10204,
10538,
11741,
12323,
12532,
12893,
13593,
13703,
13975,
14158,
14492,
15886,
16009,
16131,
16552,
16852,
17411,
17547,
17576,
17953,
18517,
18556,
18685,
19143,
19565,
20435,
20477,
21411,
22415,
22603,
22795,
23778,
24134,
24135,
24151,
24357,
24823,
25356,
25862,
26089,
26159,
26428,
26585,
26595,
26839,
27292,
27474,
28144,
28565,
29016,
31583,
32016,
32127,
32656,
33613,
33944,
34578,
34707,
35029,
35111,
37161,
37182,
37849,
37868,
39189,
39781,
40895,
41138,
41176,
41828,
42138,
42145,
42218,
42274,
43063,
43500,
44785,
45081,
45121,
46414,
47380,
47936,
48215,
48452,
48979,
49285,
60127,
60350,
60433,
61376,
62005,
63081,
63253,
63895,
64326,
65670,
65737,
66250,
66585,
66673,
67414,
68685,
68693,
68970,
69163,
69640,
69688,
70969,
71547,
73979,
74289,
76294,
76851,
78018,
79081,
79419,
79712,
80723,
80767,
82884,
82992,
83221,
83511,
84864,
85387,
85639,
85926,
86374,
86456,
86665,
86863,
86945,
87936,
88242,
88621,
89454,
90325,
90598,
91161,
91424,
91639,
92331,
92851,
93043,
93638,
93655,
94491,
94742,
94919,
95087,
95880,
96581,
96598,
97314,
97423,
97567,
97583,
97960,
98385,
98704,
98976,
99033,
100165,
100281,
100288,
100632,
101241,
101373,
101437,
101524,
102062,
102521,
103789,
103985,
104414,
104492,
104925,
105314,
106246,
106292,
106543,
106691,
107438,
107449,
107560,
107637,
109259,
109310,
109816,
110693,
111835,
112036,
112470,
112576,
112699,
112948,
113163,
113402,
113486,
113746,
114097,
116465,
116648,
117014,
118052,
119089,
120181,
120634,
120900,
121047,
121141,
121567,
122066,
122665,
123667,
123745,
124562,
124719,
124755,
125429,
126138,
126164,
126400,
126876,
126906,
127427,
127437,
128276,
128492,
128544,
128573,
128633,
128856,
129283,
129306,
129437,
129921,
130282,
131063,
131108,
131365,
132171,
132366,
132613,
132774,
132905,
133214,
133798,
134015,
134167,
134384,
134406,
134415,
135162,
136339,
136353,
136589,
136668,
136818,
136824,
136961,
137280,
137538,
137614,
137740,
138874,
139154,
139305,
140176,
140426,
140803,
151110,
151664,
152140,
152381,
152524,
152545,
152696,
152939,
153617,
154939,
155057,
155099,
155176,
156585,
156779,
157331,
157911,
158502,
158780,
159249,
159514,
160159,
160223,
160971,
161066,
161291,
162058,
162329,
163169,
163197,
163465,
163532,
163639,
164566,
164811,
164986,
165091,
165171,
165647,
165877,
166444,
166488,
167267,
167541,
167613,
168081,
168480,
168827,
168881,
169713,
170076,
170392,
172015,
172554,
172711,
172935,
173272,
173782,
173981,
174239,
175439,
175480,
175591,
176353,
176545,
177242,
177507,
177555,
177812,
178999,
179564,
179599,
179605,
179979,
180384,
180854,
181143,
181619,
181723,
181871,
182039,
182235,
184313,
184747,
184759,
185035,
185188,
185246,
185602,
185771,
186600,
186719,
186864,
187052,
187359,
187559,
187955,
188150,
189408,
189995,
190234,
190428,
190640,
190970,
191549,
192226,
192698,
193161,
193472,
193524,
193903,
194178,
194329,
195594,
196089,
196143,
196300,
196603,
196708,
196718,
197751,
198406,
198547,
198685,
199125,
199207,
199873,
200695,
200825,
200959,
201061,
201331,
202230,
202813,
203011,
203773,
204674,
205221,
205397,
205559,
205872,
206041,
206418,
207693,
207815,
208065,
208082,
209031,
209638,
209812,
211930,
212182,
212229,
212505,
213138,
213148,
213737,
214188,
214308,
214321,
214420,
215039,
216108,
216451,
217014,
217833,
218181,
218350,
218409,
218451,
218464,
219234,
219315,
219824,
220441,
220682,
220872,
221093,
221282,
222109,
222500,
222773,
223229,
223231,
224125,
224319,
224670,
225499,
225794,
226038,
226150,
226334,
226473,
227842,
228436,
228698,
229115,
229780,
229806,
229861,
230115,
230243,
230717,
230749,
230828,
231044,
231855,
231984,
232211,
233586,
234062,
234458,
234956,
235536,
235907,
236276,
236647,
236800,
237105,
237153,
237501,
237599,
237753,
239247,
239584,
240223,
240364,
240396,
240494,
240938,
241302,
241343,
241454,
242286,
242984,
243112,
243809,
244293,
244666,
245219,
245972,
246055,
246836,
246917,
248450,
248804,
248918,
249091,
249310,
249732,
250231,
250286,
250851,
252188,
252215,
252356,
252746,
252922,
253227,
253412,
253505,
253955,
253976,
254233,
254643,
255031,
255169,
255237,
255284,
255923,
255992,
256199,
256400,
256750,
257128,
257290,
257700,
258488,
259230,
259386,
259515,
259560,
259606,
260866,
261228,
261476,
261927,
262153,
262324,
262468,
262720,
262840,
264238,
264355,
264557,
264707,
264859,
264898,
265004,
265908,
266275,
267071,
267203,
267213,
267432,
268054,
268186,
269009,
269183,
269584,
269663,
270540,
270759,
270962,
271151,
272076,
272695,
272729,
273034,
273501,
273987,
274343,
274377,
274457,
274525,
274880,
276360,
276377,
276442,
276489,
276512,
277081,
277615,
277910,
278118,
278323,
278619,
278707,
278710,
279075,
279682,
280159,
280541,
280884,
280896,
281057,
281382,
282123,
282137,
282237,
282412,
282500,
283094,
283370,
283596,
284208,
284508,
284721,
285794,
286207,
286290,
286983,
287449,
287482,
287937,
288554,
290294,
290452,
291115,
291116,
291343,
291514,
291597,
292246,
292319,
292778,
292812,
293263,
293321,
293756,
294034,
296073,
296077,
296320,
296753,
296769,
297312,
297381,
297426,
297498,
297515,
297675,
298286,
298629,
299006,
299520,
299799,
299857,
299895,
299896,
300246,
301183,
301241,
301695,
304162,
304206,
304476,
304528,
304564,
304871,
306036,
306233,
306763,
307077,
307462,
307546,
307875,
308338,
308589,
309617,
310431,
310549,
310680,
310750,
311446,
312035,
312160,
312296,
312736,
313286,
313700,
314932,
315849,
315910,
316049,
316157,
316214,
316364,
316858,
316887,
317515,
317908,
317937,
317951,
318164,
318723,
318846,
318989,
318997,
319145,
319340,
319395,
319689,
319810,
319874,
319972,
320060,
320938,
321533,
321634,
321807,
321899,
322650,
322934,
323282,
324300,
324368,
324835,
324862,
325489,
325789,
326172,
326190,
326936,
327373,
327411,
327633,
328435,
328790,
328802,
329479,
329635,
329959,
330871,
331172,
331280,
332043,
332291,
332407,
332422,
333316,
333456,
333734,
333814,
334332,
334353,
334629,
335169,
335314,
335402,
335457,
336672,
336673,
336944,
337177,
337976,
338091,
338170,
338198,
338506,
338872,
339368,
339629,
339666,
339771,
339855,
340005,
340462,
340529,
340715,
340727,
341116,
341183,
342113,
342412,
342532,
342573,
342602,
342681,
342857,
343215,
343584,
343819,
344013,
344096,
344318,
344545,
344626,
344720,
345000,
347169,
347972,
348544,
348723,
349399,
350135,
350143,
350189,
350204,
351011,
351058,
351347,
352192,
352338,
352401,
352540,
352560,
352750,
352901,
353185,
353607,
354124,
354325,
354402,
354893,
355036,
355165,
355246,
355438,
356720,
356956,
357047,
357786,
358651,
359645,
359753,
359960,
360458,
362051,
362626,
362930,
363156,
363581,
364000,
364076,
364746,
365010,
365571,
365608,
366067,
366334,
366476,
366716,
366944,
367182,
367649,
368455,
368739,
369097,
369364,
369639,
369790,
370152,
370154,
370242,
370338,
372398,
373006,
373282,
373622,
374422,
374443,
374555,
375992,
376610,
377112,
377617,
377942,
379885,
379969,
380246,
380652,
381297,
381541,
382349,
383184,
383371,
383413,
383796,
384221,
384564,
384610,
384676,
384776,
385027,
386597,
387516,
388241,
388363,
388531,
388774,
388878,
389266,
389386,
389594,
390415,
390861,
391120,
391341,
392057,
393199,
393546,
393669,
394118,
394240,
394625,
395059,
395103,
395336,
396257,
397241,
398700,
399545,
399780,
400348,
400771,
401116,
402539,
402662,
403141,
403234,
403677,
404270,
404609,
405355,
405429,
405587,
405606,
407090,
407478,
407888,
408131,
408332,
408826,
408895,
409151,
409708,
409811,
410008,
410078,
410209,
411065,
411190,
411290,
411389,
411467,
411626,
412398,
412424,
412530,
412795,
412864,
413415,
413466,
413579,
414057,
414078,
414104,
414484,
414488,
414738,
415067,
415274,
415610,
415710,
415791,
416346,
416964,
417868,
418068,
418072,
418302,
418528,
418899,
419007,
419143,
419993,
420106,
420210,
420463,
420514,
421027,
421806,
422273,
422554,
422964,
423883,
424804,
425780,
425820,
426720,
427484,
427536,
428546,
429072,
429812,
429920,
430399,
430402,
430691,
431266,
431491,
431834,
431938,
431989,
432236,
432270,
432431,
432602,
432808,
432846,
433050,
434457,
434963,
436377,
436547,
436635,
436746,
437000,
437223,
437255,
437616,
438035,
438426,
438848,
438999,
439347,
439759,
440077,
441183,
441318,
441390,
441491,
441519,
441968,
441971,
442031,
442285,
442337,
442524,
442568,
442824,
443149,
443445,
443814,
444171,
444750,
445215,
445637,
445784,
446180,
446227,
446235,
446292,
446339,
446427,
446430,
447031,
447049,
447295,
447299,
448352,
448552,
449495,
449658,
449689,
449841,
450527,
450715,
450755,
450976,
451888,
452716,
452897,
453053,
453324,
453936,
454106,
454139,
454547,
454657,
455036,
455917,
456234,
456323,
456329,
456361,
456405,
456611,
457122,
458052,
458450,
458845,
459186,
459790,
460112,
460153,
460740,
460918,
460957,
460990,
461015,
461142,
461697,
461896,
461967,
462524,
463201,
463203,
463893,
464282,
464324,
465433,
465772,
465953,
466106,
466577,
466967,
467476,
467713,
467775,
468106,
468120,
468173,
468223,
468602,
468650,
468663,
468875,
468971,
468976,
468982,
469225,
469383,
469387,
469480,
469537,
470004,
470079,
471076,
472504,
472696,
472775,
474238,
474703,
474939,
475208,
475704,
476233,
476437,
477711,
477761,
478247,
478519,
478660,
479240,
479342,
479748,
481681,
482944,
483013,
483044,
483176,
483256,
484013,
484127,
484183,
485883,
486021,
486508,
488465,
488750,
489006,
489164,
489824,
489882,
489955,
490202,
490401,
490518,
491365,
491515,
491652,
491886,
492032,
492332,
492509,
493503,
493909,
494184,
494320,
495096,
495235,
495499,
495576,
495850,
496174,
496668,
496862,
497106,
497460,
498018,
498496,
498889,
498960,
498968,
499251,
499395,
500390,
500556,
503272,
503483,
503525,
503563,
504059,
504304,
504477,
504740,
504821,
505030,
505107,
505177,
505405,
505705,
506157,
506571,
507123,
507280,
507993,
508568,
508702,
508875,
509072,
509600,
509689,
510555,
510734,
510983,
511179,
511330,
511370,
511615,
511984,
512512,
512863,
512929,
513069,
513491,
514216,
514399,
514746,
514824,
516004,
516769,
516774,
516787,
517061,
517105,
517230,
517856,
517873,
518014,
518233,
518395,
519330,
519363,
519632,
519721,
520178,
520211,
520533,
520805,
521927,
522638,
522864,
522907,
523108,
523958,
524308,
524457,
524576,
524853,
524874,
524927,
525055,
525216,
525412,
525429,
525461,
525535,
526078,
526192,
526240,
526741,
528174,
529215,
529319,
529702,
530305,
530734,
531358,
531381,
531571,
531850,
532707,
533100,
533738,
533936,
534151,
534331,
534387,
534517,
534943,
535070,
535189,
535719,
535743,
535783,
536350,
536483,
537703,
537919,
537998,
538597,
538913,
539106,
539430,
539510,
539625,
540300,
540313,
540505,
540584,
541682,
542783,
543402,
544689,
545070,
545106,
545581,
546089,
546539,
546612,
546619,
546767,
546937,
547413,
547425,
547601,
547602,
547633,
547812,
548162,
548804,
549177,
549851,
549890,
550073,
550736,
550960,
551164,
551696,
552318,
552915,
553000,
553042,
553491,
553717,
553850,
554567,
555393,
555510,
555795,
556124,
556976,
557893,
558099,
558955,
559033,
559169,
559281,
559648,
560693,
561108,
561162,
561196,
562028,
562370,
562545,
562779,
562961,
563543,
563681,
563688,
563753,
563911,
563968,
564078,
564566,
564719,
565457,
566518,
566532,
566795,
567351,
567574,
567773,
567848,
568417,
568527,
568635,
569071,
569085,
569401,
569417,
569928,
570009,
570037,
570778,
570976,
571311,
571681,
572111,
572285,
572945,
573175,
573202,
573220,
573609,
573614,
574356,
574448,
574569,
574869,
575186,
575495,
575910,
575999,
576710,
577185,
578684,
578935,
579230,
579363,
579862,
580561,
581364,
581822,
582100,
582343,
582376,
582539,
582693,
582700,
582809,
582858,
582910,
583516,
583887,
584190,
585075,
585780,
586105,
586124,
586862,
587033,
587729,
587924,
587937,
588668,
589007,
589249,
589902,
590119,
591028,
591412,
591906,
592005,
592010,
592251,
592545,
592586,
592838,
592856,
593410,
593885,
594389,
594468,
594653,
597987,
598538,
598898,
599292,
599550,
599593,
599663,
599776,
600170,
600623,
600807,
601587,
602300,
602857,
603490,
603923,
604009,
604587,
605426,
607091,
607193,
607376,
607504,
607761,
607939,
608623,
608699,
608747,
609108,
609703,
611806,
612024,
612221,
613028,
613174,
613561,
614055,
614056,
614070,
614122,
614238,
614503,
614636,
615215,
615995,
616060,
616099,
616501,
616540,
616676,
616862,
617187,
617213,
617263,
617992,
618209,
618243,
618252,
618261,
618751,
618785,
619184,
619708,
619749,
619870,
620031,
620851,
621052,
621208,
622279,
622770,
623339,
623609,
623722,
623903,
624008,
624745,
625243,
625278,
625300,
625698,
626046,
626304,
627157,
627535,
627717,
627718,
627752,
628118,
628217,
628818,
629034,
629755,
630401,
630615,
630647,
631506,
631516,
631548,
631820,
632453,
632511,
633079,
633578,
633965,
634575,
634652,
635082,
635198,
635716,
635725,
636991,
637216,
637914,
638090,
638566,
638608,
638917,
639022,
639499,
639657,
639901,
640703,
641108,
641504,
641780,
642147,
642669,
642692,
643021,
643085,
643251,
643385,
643417,
643440,
643484,
643590,
643598,
643621,
643791,
644287,
644317,
645003,
645011,
645454,
645851,
645858,
646661,
647171,
647247,
647723,
647827,
647895,
649494,
650100,
650172,
650184,
650711,
650845,
650864,
650929,
652236,
652404,
654100,
654311,
654403,
654618,
654882,
654898,
654924,
654997,
655703,
655983,
656181,
656205,
656461,
656695,
656781,
658540,
658592,
658820,
659214,
659246,
659497,
659613,
659786,
660178,
660536,
661473,
661538,
661809,
663287,
663402,
663784,
664536,
665878,
666047,
666267,
666744,
667223,
667457,
667638,
667951,
668161,
668450,
668512,
668974,
669397,
669862,
670290,
670506,
671166,
671223,
671437,
671504,
671585,
671871,
672102,
672963,
673298,
673322,
673539,
673568,
673651,
674007,
674392,
674922,
675254,
675336,
675954,
676847,
678179,
678579,
678997,
679885,
680289,
680740,
681637,
682116,
682158,
682610,
683822,
684564,
684694,
685288,
685417,
685539,
685578,
685980,
686282,
686469,
686637,
687835,
687948,
688029,
688125,
688179,
688293,
688498,
688621,
688634,
689116,
689152,
689579,
689855,
689858,
689874,
690445,
690536,
691049,
691433,
692142,
692319,
692323,
692378,
692673,
692874,
694807,
695451,
696205,
696410,
696849,
697282,
697285,
697791,
698128,
698419,
698910,
698967,
699285,
699531,
701496,
701967,
702449,
702746,
703153,
703282,
703667,
703707,
703851,
704068,
704075,
704766,
705013,
705553,
706027,
706298,
706327,
706362,
706760,
708280,
708459,
708852,
708973,
709186,
709197,
709885,
710103,
710152,
710224,
710357,
710384,
710734,
711689,
712748,
713046,
713242,
713278,
713568,
714150,
714523,
714723,
715878,
716496,
717594,
718100,
718485,
718994,
719191,
719445,
719813,
719999,
720714,
721513,
721868,
722346,
722506,
722526,
722798,
722997,
723361,
723417,
723432,
724866,
725176,
725641,
725928,
726408,
726487,
726881,
726957,
727671,
727953,
727993,
728079,
728507,
728532,
729343,
729610,
729800,
730063,
730069,
730167,
730686,
731665,
731739,
732080,
732366,
732547,
732707,
732941,
733480,
733550,
734069,
734196,
734387,
734404,
734428,
734664,
734828,
737092,
737595,
737920,
738680,
738818,
739140,
739594,
740233,
740593,
740617,
740799,
741157,
741484,
742402,
742589,
743033,
743503,
743591,
743942,
744463,
745165,
745470,
746642,
746792,
746833,
747024,
747483,
747688,
747729,
748082,
748174,
748943,
748944,
749573,
749581,
749650,
750689,
750713,
750742,
750985,
752234,
752500,
752547,
752817,
753481,
753832,
754493,
755703,
755735,
755780,
756009,
758839,
759404,
759512,
759803,
760332,
760662,
760799,
761379,
761534,
761544,
762058,
762186,
762219,
762586,
763177,
763803,
764316,
764614,
764762,
765110,
765308,
765463,
765508,
765532,
765963,
766193,
766300,
766645,
766757,
767023,
767031,
767698,
767821,
767904,
768053,
768215,
768504,
768553,
769282,
769694,
769786,
771529,
771933,
772514,
772735,
772816,
772949,
773914,
774089,
774387,
774815,
775020,
775262,
775470,
775812,
776204,
776996,
777064,
777212,
777495,
777699,
777721,
778211,
778442,
778642,
778735,
779118,
779550,
779607,
779730,
780225,
780667,
780898,
781125,
781295,
781486,
781722,
781735,
781773,
781968,
782033,
782094,
782609,
782686,
782795,
783638,
783976,
784065,
784514,
785052,
785163,
785464,
785501,
785524,
786711,
786883,
786940,
787429,
787602,
788049,
788117,
788293,
788838,
788845,
788899,
788951,
789595,
789659,
789693,
789735,
789991,
790212,
790253,
791559,
792304,
792652,
792940,
793464,
794043,
794100,
794222,
794933,
795271,
795349,
795359,
796221,
796229,
796396,
796489,
796661,
796753,
796810,
796927,
796944,
797031,
797033,
797071,
797221,
797239,
797243,
797347,
797541,
797764,
798368,
798540,
798568,
798998,
799831,
800856,
801079,
801565,
801586,
801979,
802120,
802630,
802761,
802911,
803604,
803953,
804592,
804786,
805409,
805916,
806067,
806129,
806866,
806885,
807181,
807310,
807501,
807949,
808291,
808622,
808988,
809579,
809688,
810605,
810630,
811287,
812039,
812059,
812682,
812796,
812887,
812889,
813015,
813235,
813301,
813954,
814217,
814241,
814501,
815101,
815728,
816178,
817032,
817069,
817165,
817643,
817693,
817877,
817895,
818039,
818176,
818848,
819312,
819578,
819617,
819865,
820119,
820126,
820147,
820253,
820263,
820685,
820917,
821018,
821112,
821635,
821853,
822732,
822981,
823328,
824061,
824322,
824387,
825719,
825882,
826211,
826627,
826699,
826963,
827142,
828168,
828448,
828712,
829295,
829397,
829459,
830190,
830358,
830388,
830577,
830669,
830709,
831374,
831428,
831669,
832426,
832612,
833034,
833351,
833595,
834244,
834395,
835205,
835517,
836404,
836703,
836963,
836986,
837422,
837575,
837662,
837825,
838453,
838849,
838851,
838979,
839755,
839800,
839842,
839858,
840381,
841276,
841404,
841813,
841830,
841953,
843045,
844089,
844145,
844589,
844831,
844921,
845004,
845157,
845408,
846107,
846146,
846556,
846606,
846706,
847256,
847487,
848113,
848824,
849103,
849164,
849321,
849719,
849839,
849848,
849915,
850290,
850298,
850501,
850846,
850941,
850953,
851024,
851260,
851446,
851477,
851595,
851807,
852827,
853235,
853424,
853641,
854328,
854330,
854614,
854729,
854743,
854815,
855193,
855699,
855825,
855880,
856098,
856613,
856773,
857032,
857054,
857406,
857851,
858547,
858685,
858836,
859013,
859157,
859325,
860095,
860301,
861062,
861308,
861382,
861565,
861782,
862093,
862157,
862279,
862797,
862849,
863388,
863463,
865037,
865182,
865209,
865533,
865933,
865967,
865976,
866143,
866239,
866290,
866383,
866597,
867680,
867859,
868095,
868283,
868453,
869487,
869612,
870211,
870877,
870922,
871180,
871307,
871553,
871686,
872226,
872269,
873239,
873803,
874232,
875670,
875702,
875849,
876023,
876446,
877193,
877565,
877724,
877785,
877953,
878424,
878431,
878463,
878537,
878677,
878679,
878803,
879430,
879614,
880208,
880734,
881460,
881712,
881879,
883035,
883146,
883357,
883832,
884740,
884776,
884856,
885067,
885287,
885351,
885357,
885905,
886328,
887239,
887758,
887793,
888097,
888157,
888987,
889154,
889442,
889657,
890115,
890157,
890169,
890190,
890440,
890777,
891382,
891602,
891719,
891831,
892038,
892197,
892629,
892850,
892889,
893445,
893735,
893927,
893973,
894356,
894703,
895002,
895031,
895048,
895070,
895883,
895944,
895960,
896139,
896372,
896718,
896990,
897782,
897989,
898018,
898759,
898791,
899452,
899509,
899563,
899733,
901204,
901987,
902475,
902969,
903096,
903111,
903254,
903431,
903816,
904425,
904575,
905473,
905643,
906219,
906222,
906387,
906938,
907571,
908643,
908808,
909445,
909675,
909955,
910101,
910112,
910311,
910517,
910641,
911384,
911386,
911527,
912141,
912453,
912545,
912789,
913182,
913255,
913367,
913893,
913955,
914137,
914181,
914514,
914723,
914896,
915357,
915404,
915452,
915881,
916452,
916502,
916678,
917686,
918813,
918923,
919049,
919054,
919083,
919331,
919369,
919885,
920215,
920442,
920678,
920832,
921151,
921568,
921619,
921719,
921979,
922214,
922244,
922275,
923117,
923136,
923163,
923374,
923671,
924221,
924539,
926207,
926343,
926369,
926859,
927049,
927690,
928241,
928387,
928684,
928904,
929159,
929174,
929425,
930422,
931309,
931426,
931672,
931912,
932662,
934054,
934055,
934447,
934517,
934683,
935127,
935217,
935359,
935497,
935647,
935947,
936151,
936714,
937059,
937342,
937408,
938425,
938604,
938695,
938904,
938965,
939408,
939695,
939857,
940319,
940558,
940723,
941034,
942070,
942765,
943013,
943204,
943289,
944048,
945433,
945629,
946603,
947404,
947837,
947876,
948355,
948574,
948884,
948929,
950075,
950150,
950437,
950603,
950654,
951106,
951210,
951424,
951473,
951549,
952146,
952690,
953209,
953501,
954067,
954289,
954780,
955217,
955401,
955431,
955452,
955612,
955737,
956055,
956333,
956381,
956388,
956459,
956961,
957091,
957545,
957653,
957861,
958061,
958157,
958160,
958367,
958554,
958709,
959077,
959887,
960086,
960440,
961350,
961692,
961969,
962668,
962733,
963400,
963603,
963758,
964356,
965121,
965412,
965514,
965940,
966158,
966352,
967643,
967659,
968310,
968339,
968424,
968620,
968692,
969345,
969370,
969684,
969759,
969863,
970273,
970338,
970971,
971188,
971228,
971319,
971767,
971775,
971945,
971966,
972629,
973357,
973794,
973862,
973933,
975205,
975397,
975589,
975697,
976346,
976360,
976720,
976849,
977480,
977701,
977862,
978161,
978181,
978669,
978690,
978912,
979483,
979574,
979871,
980763,
981199,
981885,
982395,
982647,
983799,
984061,
984089,
984103,
984349,
984353,
985164,
985452,
985555,
985777,
986010,
986801,
986968,
987224,
987597,
987802,
987887,
987993,
988183,
988233,
988276,
988453,
988530,
988537,
988703,
989079,
989386,
990082,
990122,
990713,
990754,
991800,
992325,
992977,
993289,
993489,
993889,
993902,
994169,
994387,
994758,
995786,
996451,
996757,
996913,
997085,
997201,
997315,
997769,
997866,
997969,
998410,
998601,
998725,
998793,
999412,
999469,
1000257,
1001383,
1002025,
1002045,
1003370,
1003703,
1005217,
1005365,
1005940,
1005958,
1006168,
1006195,
1007261,
1007548,
1007697,
1008206,
1008251,
1008292,
1008891,
1009271,
1009865,
1010854,
1010878,
1011177,
1011719,
1011962,
1012088,
1012167,
1012189,
1012826,
1013211,
1013949,
1014572,
1014907,
1015105,
1015326,
1015335,
1015596,
1016255,
1016518,
1016525,
1016549,
1016573,
1017102,
1017166,
1017209,
1017809,
1017896,
1018080,
1018096,
1018164,
1018600,
1019073,
1019155,
1019231,
1019235,
1019400,
1019887,
1020014,
1020033,
1020134,
1020151,
1020269,
1020362,
1020373,
1020552,
1020651,
1020655,
1020686,
1020705,
1020952,
1021041,
1021066,
1021074,
1021289,
1021717,
1021790,
1022369,
1023139,
1023820,
1023990,
1024112,
1024579,
1024636,
1024752,
1024885,
1025027,
1025221,
1025345,
1025399,
1025698,
1025724,
1025725,
1026146,
1026230,
1026538,
1026772,
1027148,
1027250,
1028466,
1028540,
1028604,
1029028,
1029090,
1029318,
1029402,
1029663,
1029722,
1029743,
1029804,
1029814,
1030049,
1030105,
1030242,
1030528,
1030590,
1030751,
1030846,
1030902,
1030993,
1031052,
1031470,
1031777,
1032060,
1032243,
1033561,
1033944,
1034278,
1034311,
1035074,
1035258,
1035346,
1035440,
1035860,
1035940,
1035978,
1036315,
1036418,
1036648,
1037207,
1037497,
1037741,
1038175,
1038817,
1039053,
1039242,
1039288,
1039477,
1039805,
1040041,
1040729,
1041114,
1041184,
1041348,
1041711,
1041860,
1042452,
1042990,
1043404,
1043506,
1043587,
1043997,
1044949,
1045336,
1045873,
1046447,
1046475,
1046528,
1046630,
1046814,
1047451,
1047546,
1048018,
1048427,
1048459,
1048790,
1049580,
1049581,
1049638,
1049794,
1049827,
1050159,
1050210,
1050714,
1050722,
1050765,
1051037,
1051433,
1051516,
1051518,
1051905,
1051960,
1052343,
1052946,
1052975,
1053001,
1053494,
1053705,
1054747,
1054750,
1054773,
1054858,
1055115,
1055419,
1055632,
1055709,
1056062,
1056227,
1056368,
1056616,
1056711,
1056760,
1057340,
1057403,
1057699,
1058223,
1058656,
1059585,
1059656,
1059787,
1059941,
1060599,
1060656,
1060728,
1060756,
1061667,
1061975,
1062098,
1062106,
1062124,
1062150,
1062271,
1062542,
1062975,
1063056,
1063749,
1063789,
1063970,
1064360,
1064389,
1064903,
1065313,
1065535,
1065605,
1065714,
1065810,
1065906,
1066161,
1066424,
1066659,
1067296,
1067306,
1067475,
1068101,
1069510,
1069520,
1069797,
1069804,
1070878,
1070966,
1071224,
1072138,
1072457,
1072466,
1073559,
1073826,
1073889,
1073963,
1074030,
1074885,
1075364,
1075423,
1076008,
1076354,
1076958,
1077234,
1077289,
1077365,
1077807,
1078350,
1078507,
1078514,
1079228,
1079351,
1079410,
1079678,
1079766,
1079779,
1080153,
1080238,
1080487,
1080588,
1081371,
1081447,
1081677,
1081797,
1082157,
1083002,
1083145,
1084063,
1084111,
1084500,
1084687,
1085170,
1085316,
1085906,
1086885,
1086949,
1087750,
1088125,
1090151,
1090204,
1090533,
1090557,
1090634,
1090707,
1091228,
1091883,
1091986,
1092438,
1092524,
1092989,
1093211,
1093315,
1094029,
1095465,
1095760,
1095840,
1095848,
1096298,
1096997,
1097321,
1097582,
1098084,
1098132,
1098134,
1098807,
1099357,
1099429,
1099679,
1099994,
1100570,
1101012,
1102018,
1102041,
1102502,
1102790,
1103065,
1103535,
1104308,
1104445,
1104503,
1105056,
1105381,
1105990,
1106136,
1106300,
1106958,
1107115,
1108850,
1108946,
1109075,
1109303,
1109368,
1109743,
1109956,
1110022,
1110544,
1111297,
1111322,
1111555,
1111719,
1111842,
1113135,
1113406,
1113620,
1114193,
1114259,
1114477,
1114875,
1114900,
1114928,
1115024,
1115267,
1115607,
1115911,
1116020,
1116116,
1116121,
1117008,
1117028,
1118097,
1118312,
1118419,
1120026,
1120242,
1120823,
1122060,
1123024,
1123460,
1123516,
1123547,
1123566,
1123700,
1123978,
1124167,
1124450,
1125078,
1125654,
1126211,
1126238,
1126384,
1126866,
1127426,
1127624,
1127932,
1127938,
1127944,
1128252,
1128966,
1128975,
1129136,
1129275,
1129897,
1130056,
1130077,
1130150,
1130382,
1130509,
1130910,
1131056,
1131116,
1131162,
1131253,
1131888,
1131930,
1132113,
1132818,
1132936,
1133160,
1133335,
1133529,
1133540,
1133712,
1133878,
1134309,
1134388,
1134658,
1135072,
1135248,
1135295,
1135309,
1135468,
1135848,
1136145,
1136874,
1137033,
1137276,
1137622,
1138174,
1138196,
1138348,
1139125,
1139467,
1139531,
1139652,
1139735,
1139989,
1140716,
1140816,
1140892,
1141016,
1141180,
1141416,
1141638,
1141659,
1141732,
1141826,
1141840,
1141942,
1142361,
1142530,
1142717,
1142817,
1142930,
1143502,
1143512,
1143540,
1143817,
1143850,
1144165,
1145163,
1145166,
1145419,
1145629,
1145976,
1146400,
1146676,
1147000,
1147372,
1147378,
1147416,
1147498,
1148399,
1148951,
1149188,
1149766,
1149831,
1149980,
1150016,
1150059,
1150203,
1150445,
1150547,
1150849,
1150859,
1151031,
1151537,
1151649,
1152261,
1153428,
1153455,
1153797,
1154062,
1154420,
1154751,
1155712,
1156014,
1156176,
1156413,
1156637,
1156720,
1157217,
1157287,
1158049,
1158196,
1158828,
1159260,
1159584,
1159844,
1159931,
1160192,
1160305,
1160357,
1160968,
1160978,
1161241,
1161749,
1161996,
1162230,
1162478,
1162676,
1163311,
1164171,
1164405,
1164434,
1164500,
1165304,
1165415,
1165419,
1165529,
1165942,
1166530,
1166649,
1167330,
1167360,
1168415,
1168681,
1168952,
1169090,
1169620,
1169626,
1169749,
1169784,
1169925,
1170071,
1170232,
1171177,
1172269,
1172408,
1172488,
1172510,
1172602,
1173035,
1173393,
1173491,
1173550,
1174000,
1174797,
1175283,
1175746,
1175941,
1176057,
1176075,
1176082,
1176147,
1176319,
1176591,
1177319,
1177663,
1177889,
1178678,
1178872,
1178921,
1179159,
1179233,
1179287,
1179400,
1179622,
1179905,
1180836,
1181206,
1181273,
1181513,
1182051,
1182356,
1182425,
1182953,
1182974,
1183145,
1183870,
1183978,
1183982,
1184356,
1184466,
1185003,
1185047,
1185585,
1185617,
1185959,
1186151,
1186550,
1186555,
1186795,
1186831,
1187081,
1187575,
1187611,
1188357,
1188966,
1188985,
1188995,
1189461,
1189505,
1189516,
1189531,
1189570,
1189605,
1189812,
1190341,
1190366,
1190503,
1190682,
1190880,
1190972,
1191043,
1191074,
1191103,
1191311,
1191436,
1191599,
1191650,
1191657,
1191922,
1192393,
1192694,
1192911,
1192912,
1193055,
1193177,
1193257,
1193308,
1193831,
1194010,
1194077,
1194723,
1195893,
1197009,
1197850,
1198133,
1198189,
1198306,
1198702,
1198833,
1199198,
1199342,
1199347,
1199634,
1200650,
1200733,
1200759,
1200980,
1201100,
1201364,
1201502,
1203163,
1203879,
1205195,
1205736,
1207215,
1207791,
1208151,
1209248,
1209662,
1209955,
1210070,
1210094,
1210444,
1210708,
1210726,
1210795,
1210828,
1211306,
1211521,
1212122,
1213159,
1214675,
1214683,
1214711,
1214856,
1215025,
1215417,
1216506,
1216831,
1217468,
1217643,
1217721,
1217820,
1218194,
1218787,
1219132,
1219248,
1219588,
1219589,
1219754,
1219855,
1219942,
1220053,
1220079,
1220182,
1220196,
1220281,
1220365,
1220685,
1220747,
1220945,
1221830,
1222224,
1222700,
1222779,
1223272,
1223744,
1223926,
1224336,
1224584,
1224627,
1224774,
1224982,
1225305,
1225731,
1225944,
1226009,
1226122,
1226268,
1226444,
1226561,
1226711,
1226858,
1228149,
1228312,
1228788,
1229196,
1229285,
1230002,
1230006,
1230381,
1230488,
1230530,
1231357,
1231737,
1232159,
1232540,
1232628,
1232895,
1234253,
1235137,
1235310,
1236499,
1236632,
1236903,
1236995,
1237328,
1237367,
1238059,
1238206,
1238235,
1238457,
1238791,
1239685,
1239710,
1239749,
1240291,
1240506,
1240590,
1240611,
1241395,
1242278,
1242877,
1243578,
1243771,
1244343,
1244950,
1245010,
1245023,
1246087,
1246208,
1246492,
1249190,
1251499,
1251835,
1251861,
1251972,
1252415,
1252651,
1252770,
1252774,
1253191,
1253196,
1254160,
1254465,
1255926,
1256143,
1256614,
1256654,
1256858,
1256900,
1257085,
1257552,
1257576,
1258507,
1258640,
1258693,
1258941,
1259183,
1260241,
1260473,
1260682,
1261054,
1261157,
1261312,
1262231,
1262516,
1263411,
1263789,
1264051,
1264232,
1264601,
1265799,
1266767,
1266965,
1266996,
1267042,
1267375,
1269501,
1269628,
1270186,
1270607,
1270760,
1271078,
1273648,
1274857,
1275429,
1275809,
1276383,
1276757,
1276894,
1278149,
1278293,
1279462,
1279600,
1279841,
1279914,
1280146,
1280611,
1280926,
1281211,
1281278,
1281465,
1281490,
1281568,
1282411,
1282436,
1282511,
1282522,
1282625,
1282632,
1283333,
1283417,
1283903,
1284238,
1284733,
1284781,
1285193,
1285511,
1290355,
1290566,
1291202,
1291632,
1291988,
1292080,
1292182,
1293198,
1293425,
1293650,
1293820,
1294355,
1294612,
1294825,
1295143,
1295958,
1296067,
1296137,
1296389,
1296736,
1297793,
1298188,
1298715,
1299201,
1300779,
1301117,
1301163,
1301830,
1301923,
1302353,
1302489,
1303132,
1303414,
1303448,
1303481,
1303646,
1303786,
1304091,
1304191,
1304216,
1305493,
1305507,
1305533,
1305594,
1306127,
1306504,
1308626,
1309011,
1310220,
1310281,
1310326,
1310331,
1310345,
1310635,
1313457,
1314297,
1314459,
1314578,
1314895,
1315101,
1316073,
1316104,
1316150,
1316306,
1317934,
1318074,
1318653,
1318969,
1319054,
1319340,
1319713,
1319815,
1320734,
1320802,
1321656,
1322040,
1322220,
1322567,
1323124,
1323746,
1324631,
1324705,
1325014,
1325081,
1325120,
1325304,
1325305,
1325786,
1325969,
1326286,
1326835,
1327106,
1327779,
1327970,
1328086,
1328381,
1328547,
1328793,
1328800,
1329153,
1329603,
1329788,
1330221,
1330283,
1330469,
1330504,
1330667,
1330720,
1330882,
1331686,
1331919,
1332117,
1332495,
1332897,
1333721,
1333837,
1334058,
1334088,
1334099,
1334121,
1334516,
1334771,
1335134,
1335328,
1335458,
1335473,
1335991,
1336327,
1336600,
1336642,
1337294,
1337380,
1338143,
1338830,
1338928,
1339242,
1339366,
1339575,
1339800,
1339887,
1340485,
1341174,
1341365,
1341474,
1341865,
1342151,
1342176,
1342383,
1342770,
1342773,
1343151,
1343167,
1343761,
1343963,
1344093,
1344550,
1344653,
1344946,
1344971,
1346315,
1346645,
1346683,
1346700,
1347574,
1347669,
1349369,
1349813,
1360176,
1360236,
1360422,
1360427,
1361962,
1362573,
1362918,
1363529,
1363694,
1363928,
1364155,
1364513,
1364695,
1365126,
1365397,
1365473,
1365676,
1365801,
1366464,
1366609,
1366764,
1366788,
1366928,
1367508,
1367805,
1368381,
1368944,
1369079,
1369767,
1369778,
1369866,
1370279,
1370374,
1371291,
1371340,
1372572,
1372826,
1372909,
1372951,
1373086,
1373131,
1373502,
1373588,
1373756,
1374900,
1375307,
1375950,
1376064,
1376096,
1376728,
1376786,
1376794,
1378103,
1379197,
1379321,
1379338,
1380084,
1380216,
1381232,
1381481,
1381771,
1382001,
1382034,
1382284,
1382423,
1382527,
1382538,
1382728,
1382858,
1383237,
1383305,
1383350,
1384182,
1384235,
1385229,
1385739,
1386935,
1387281,
1387413,
1388044,
1388679,
1389034,
1389301,
1389519,
1389927,
1389994,
1390290,
1390851,
1390920,
1391118,
1391423,
1393481,
1393949,
1394005,
1394129,
1394416,
1394681,
1395211,
1395274,
1395889,
1397083,
1397483,
1397526,
1399484,
1399867,
1400239,
1400363,
1400822,
1400866,
1401301,
1401546,
1401737,
1401837,
1402028,
1402241,
1402467,
1402487,
1402574,
1403042,
1403206,
1403473,
1403840,
1405451,
1406713,
1407769,
1407806,
1408100,
1410532,
1411053,
1411080,
1411188,
1411349,
1411350,
1411356,
1411925,
1411993,
1412338,
1412352,
1412699,
1413280,
1414320,
1415120,
1415470,
1415660,
1415842,
1416428,
1416720,
1417630,
1417831,
1417936,
1418095,
1418839,
1418988,
1419093,
1419388,
1419496,
1419515,
1420224,
1420462,
1420839,
1421337,
1423104,
1423442,
1423731,
1424014,
1424093,
1424920,
1425674,
1425836,
1426668,
1426750,
1427016,
1427622,
1428863,
1428990,
1429103,
1429230,
1429492,
1430260,
1430525,
1432692,
1433427,
1433957,
1435843,
1436440,
1436684,
1436710,
1437003,
1437141,
1437287,
1437404,
1437539,
1437760,
1438008,
1438976,
1439000,
1439536,
1439602,
1440124,
1440350,
1440431,
1440597,
1440656,
1441114,
1441317,
1441977,
1442446,
1442722,
1442800,
1444379,
1444397,
1444427,
1445199,
1445202,
1445260,
1445585,
1445875,
1446091,
1446783,
1447267,
1447268,
1449535,
1450708,
1451503,
1452302,
1453219,
1453366,
1453464,
1453533,
1453582,
1453931,
1453937,
1454806,
1455061,
1456333,
1456564,
1456600,
1456778,
1456851,
1456962,
1459462,
1459700,
1460124,
1460150,
1460253,
1460702,
1460761,
1461096,
1461818,
1462415,
1463124,
1463850,
1463884,
1464078,
1464475,
1464770,
1465740,
1465806,
1466027,
1466505,
1466750,
1467266,
1467472,
1467883,
1468002,
1468163,
1468678,
1469520,
1469944,
1470223,
1470556,
1470770,
1470896,
1471769,
1471772,
1472631,
1473039,
1473046,
1473252,
1473305,
1474336,
1474454,
1475559,
1476017,
1476392,
1476436,
1476599,
1477172,
1478635,
1479172,
1479238,
1479572,
1479812,
1481212,
1481479,
1481595,
1482650,
1482757,
1482958,
1483956,
1483971,
1484036,
1484039,
1485079,
1485160,
1485350,
1485554,
1485873,
1487417,
1487524,
1487664,
1487688,
1487948,
1487962,
1488232,
1488298,
1489279,
1489401,
1489529,
1490015,
1490744,
1491533,
1493105,
1493257,
1493360,
1493500,
1494625,
1495440,
1495547,
1495647,
1495871,
1496818,
1497135,
1497999,
1499708,
1500041,
1500397,
1501460,
1501579,
1501700,
1502629,
1502850,
1502859,
1503153,
1503705,
1504092,
1504303,
1504414,
1504665,
1505011,
1505047,
1505147,
1505676,
1506186,
1506356,
1506843,
1507318,
1507394,
1507430,
1507805,
1508255,
1508412,
1508536,
1509070,
1509152,
1509835,
1510286,
1511311,
1511469,
1511494,
1511985,
1512008,
1512274,
1512568,
1513694,
1513877,
1514317,
1514367,
1514571,
1514666,
1515352,
1516169,
1516204,
1516284,
1517880,
1517902,
1518000,
1518088,
1518094,
1518567,
1518582,
1518585,
1519551,
1519846,
1520009,
1520284,
1520774,
1520830,
1520841,
1521246,
1521300,
1521403,
1521557,
1522970,
1523251,
1523870,
1523988,
1524444,
1524875,
1524911,
1526420,
1526722,
1527456,
1527627,
1527809,
1528592,
1529060,
1529068,
1529451,
1529473,
1529931,
1530427,
1530456,
1530877,
1530961,
1531907,
1532229,
1532581,
1532675,
1533722,
1534355,
1534708,
1535014,
1535471,
1535505,
1535607,
1535777,
1536866,
1537499,
1537682,
1537898,
1538098,
1538677,
1539252,
1539729,
1540206,
1540268,
1540389,
1541338,
1541647,
1541726,
1542260,
1542292,
1542622,
1542838,
1543028,
1543310,
1543315,
1543515,
1543583,
1544039,
1544532,
1545497,
1546780,
1546806,
1547000,
1547604,
1547674,
1548367,
1548664,
1549229,
1549411,
1549729,
1549790,
1550672,
1552198,
1553336,
1553383,
1553399,
1553442,
1553822,
1554113,
1554799,
1555101,
1555453,
1555832,
1556322,
1556367,
1556424,
1556479,
1556505,
1556632,
1556742,
1556964,
1558170,
1558392,
1558611,
1558928,
1559056,
1559599,
1559892,
1560216,
1560572,
1560692,
1561309,
1563215,
1563362,
1563642,
1563716,
1564099,
1564309,
1564512,
1564608,
1565196,
1565908,
1566004,
1567346,
1567557,
1568046,
1568084,
1568458,
1568525,
1569308,
1569555,
1569599,
1569686,
1569702,
1569731,
1570282,
1570947,
1571125,
1572919,
1573227,
1573636,
1573832,
1574905,
1574920,
1575074,
1575306,
1575600,
1575679,
1575755,
1575824,
1575918,
1577476,
1577518,
1577770,
1578107,
1578422,
1579078,
1579105,
1579447,
1579688,
1579794,
1581018,
1581034,
1581664,
1582920,
1582931,
1582933,
1583067,
1583305,
1583314,
1584143,
1584737,
1586248,
1587010,
1587290,
1587873,
1587922,
1588401,
1588727,
1588818,
1588840,
1589088,
1589474,
1589666,
1589862,
1590335,
1590522,
1591263,
1591620,
1592434,
1593063,
1593921,
1595194,
1595449,
1596068,
1596337,
1597092,
1597737,
1598441,
1598891,
1598906,
1599034,
1599058,
1599303,
1599439,
1599487,
1600345,
1600699,
1601313,
1601382,
1601420,
1601485,
1601555,
1601601,
1602806,
1603144,
1603788,
1604283,
1604432,
1604727,
1604804,
1604920,
1605098,
1605744,
1606386,
1606993,
1607160,
1608585,
1608938,
1609113,
1609483,
1609616,
1610671,
1611176,
1611266,
1611324,
1611540,
1611737,
1611938,
1612247,
1612501,
1612504,
1614141,
1614530,
1615036,
1615043,
1615322,
1615477,
1615818,
1616439,
1616584,
1616778,
1617057,
1617065,
1617511,
1618581,
1619227,
1619679,
1619921,
1620044,
1620430,
1621692,
1621844,
1622076,
1622559,
1624238,
1624357,
1624474,
1624884,
1625037,
1625676,
1626144,
1626848,
1627692,
1627779,
1627938,
1628266,
1628970,
1629477,
1629535,
1629556,
1629637,
1629924,
1630244,
1630558,
1630811,
1631228,
1631942,
1632103,
1632720,
1633357,
1633778,
1634456,
1634789,
1634795,
1634942,
1634979,
1635086,
1635112,
1635306,
1636421,
1636460,
1637779,
1639973,
1640404,
1640800,
1641409,
1641667,
1641800,
1641850,
1642112,
1642204,
1642649,
1643095,
1644153,
1644287,
1646262,
1646906,
1647084,
1647385,
1647777,
1647860,
1648631,
1649378,
1649491,
1649977,
1650713,
1650916,
1650972,
1652114,
1653137,
1653169,
1654128,
1654999,
1655205,
1655452,
1656368,
1656446,
1656817,
1657502,
1657545,
1659128,
1659320,
1660332,
1660748,
1661692,
1662035,
1662120,
1662543,
1662687,
1662762,
1663100,
1663632,
1664057,
1664580,
1664847,
1666464,
1666546,
1667306,
1667636,
1667654,
1667724,
1667876,
1668250,
1668285,
1668812,
1669068,
1669170,
1669308,
1669574,
1671187,
1671320,
1671964,
1672146,
1672620,
1672926,
1673902,
1674079,
1674192,
1674604,
1674794,
1674958,
1675016,
1675277,
1675580,
1675782,
1676424,
1676821,
1676909,
1677960,
1678099,
1678686,
1678840,
1678910,
1678922,
1678948,
1680168,
1680556,
1680962,
1681783,
1681872,
1682084,
1682654,
1683206,
1684068,
1684615,
1684741,
1684824,
1685132,
1685167,
1685699,
1686740,
1687964,
1688795,
1689442,
1690359,
1690771,
1691155,
1692432,
1692704,
1692765,
1693180,
1694316,
1694584,
1694688,
1696330,
1696756,
1697108,
1697156,
1697216,
1697651,
1697890,
1698560,
1698976,
1699792,
1699811,
1700810,
1701642,
1701735,
1702030,
1702548,
1702624,
1703352,
1703544,
1703726,
1704072,
1704380,
1704557,
1704664,
1704724,
1706582,
1706852,
1706859,
1708209,
1708342,
1708514,
1708926,
1709302,
1709364,
1709382,
1710017,
1710271,
1711187,
1712704,
1712928,
1713073,
1713567,
1713664,
1713734,
1713928,
1715269,
1715385,
1715468,
1715602,
1716466,
1716600,
1718153,
1718318,
1718370,
1718396,
1718503,
1718512,
1718809,
1719898,
1720061,
1720999,
1721430,
1721870,
1722287,
1722412,
1722539,
1722799,
1722971,
1723166,
1723363,
1724053,
1724880,
1724904,
1724970,
1726395,
1726492,
1726712,
1727586,
1728109,
1728608,
1728717,
1728996,
1729234,
1729317,
1729864,
1730355,
1730547,
1730663,
1730873,
1731196,
1731255,
1731543,
1731964,
1731988,
1732248,
1732482,
1732497,
1732862,
1732995,
1732998,
1733127,
1733150,
1733304,
1733523,
1733736,
1733976,
1734341,
1734520,
1734608,
1734647,
1734685,
1735148,
1735841,
1736096,
1736229,
1736793,
1737004,
1737332,
1737615,
1738165,
1738172,
1738364,
1738612,
1739201,
1739651,
1739912,
1740117,
1740490,
1740629,
1740799,
1740920,
1741019,
1741053,
1741295,
1741976,
1742147,
1742184,
1742257,
1742467,
1743289,
1743394,
1743408,
1743950,
1744489,
1744507,
1744749,
1744985,
1745079,
1745314,
1745388,
1745509,
1745843,
1746005,
1746248,
1746314,
1746579,
1746659,
1747577,
1747787,
1748014,
1748376,
1748531,
1748538,
1748638,
1748667,
1748675,
1748902,
1749246,
1749249,
1749508,
1749893,
1750717,
1751123,
1751580,
1751667,
1751844,
1752363,
1752398,
1752448,
1752600,
1752603,
1753349,
1753434,
1753599,
1753673,
1753741,
1754039,
1754058,
1754083,
1754154,
1754369,
1755113,
1755123,
1755237,
1755682,
1756259,
1756292,
1756392,
1757163,
1757655,
1758698,
1759079,
1759081,
1759296,
1759375,
1759718,
1759823,
1760058,
1760159,
1760935,
1761077,
1761167,
1761209,
1761304,
1761507,
1761722,
1761769,
1761781,
1761863,
1761941,
1762898,
1763080,
1763392,
1763704,
1763725,
1763823,
1764054,
1764063,
1764260,
1764486,
1764685,
1764848,
1764880,
1764942,
1765026,
1765072,
1765197,
1765421,
1765499,
1765676,
1765839,
1767404,
1768202,
1768841,
1769244,
1769666,
1769929,
1770005,
1770080,
1770164,
1770329,
1770922,
1770964,
1771315,
1771383,
1771477,
1771782,
1772081,
1772084,
1772518,
1772628,
1772703,
1772859,
1773019,
1773302,
1773417,
1773641,
1774163,
1774181,
1775170,
1775585,
1775630,
1775725,
1775873,
1775956,
1775972,
1776002,
1776501,
1776563,
1776914,
1777017,
1777157,
1777406,
1777560,
1777719,
1777858,
1777969,
1778082,
1778274,
1778314,
1778570,
1778586,
1778794,
1778800,
1778878,
1779078,
1779217,
1779416,
1779490,
1780104,
1780201,
1780316,
1780615,
1780863,
1781046,
1781072,
1781313,
1781602,
1781783,
1781864,
1782161,
1782163,
1782190,
1782230,
1782331,
1782414,
1782480,
1782832,
1782963,
1783205,
1783408,
1783468,
1783488,
1783895,
1784088,
1784329,
1784511,
1784973,
1785931,
1786504,
1786575,
1786714,
1787088,
1787138,
1787224,
1787359,
1787555,
1787562,
1787628,
1787816,
1789030,
1789255,
1789635,
1789851,
1790156,
1790479,
1790525,
1790867,
1791013,
1791081,
1791291,
1791366,
1791405,
1791553,
1791585,
1791619,
1791813,
1791963,
1792037,
1792206,
1792412,
1792495,
1792662,
1792813,
1792923,
1793171,
1793742,
1793903,
1793960,
1793979,
1794453,
1794910,
1794937,
1794969,
1794993,
1796147,
1796310,
1796591,
1796603,
1796780,
1797016,
1797086,
1797119,
1797567,
1797629,
1797907,
1798038,
1798757,
1798973,
1799787,
1800061,
1800520,
1800549,
1800934,
1801018,
1801195,
1801305,
1801741,
1802209,
1802350,
1802457,
1802831,
1802832,
1803111,
1803599,
1803618,
1803775,
1803909,
1803994,
1804050,
1804468,
1804523,
1804785,
1805125,
1805555,
1805656,
1806227,
1806482,
1807614,
1807968,
1807981,
1808112,
1808319,
1808640,
1808978,
1809984,
1810175,
1810766,
1810980,
1811192,
1811234,
1811258,
1811317,
1811353,
1811568,
1812016,
1812509,
1812802,
1812844,
1812918,
1812963,
1813799,
1814787,
1815401,
1815429,
1815625,
1815735,
1816047,
1816175,
1816233,
1816795,
1816899,
1817009,
1817226,
1817399,
1817413,
1817593,
1818119,
1818991,
1819103,
1819301,
1819752,
1820032,
1820309,
1820424,
1821288,
1821339,
1821708,
1821866,
1821880,
1822733,
1822746,
1822865,
1822887,
1823405,
1823986,
1824023,
1824047,
1824663,
1825224,
1825468,
1825596,
1825634,
1825678,
1825955,
1826174,
1826582,
1826712,
1826766,
1827300,
1827631,
1828438,
1828684,
1828895,
1829530,
1829788,
1830125,
1830399,
1830489,
1831625,
1831800,
1832022,
1832371,
1832400,
1832596,
1833072,
1833130,
1833253,
1833301,
1833788,
1834225,
1834317,
1834426,
1834676,
1834747,
1835067,
1835764,
1835944,
1835946,
1836079,
1836391,
1836396,
1836595,
1836973,
1837613,
1837715,
1838025,
1838320,
1838739,
1838804,
1839943,
1840043,
1840118,
1840296,
1840505,
1841009,
1841443,
1841444,
1841685,
1841815,
1842288,
1842300,
1842562,
1842714,
1842992,
1843039,
1843196,
1843788,
1844182,
1844545,
1844910,
1844967,
1845113,
1846386,
1846550,
1846724,
1846868,
1847220,
1848059,
1848317,
1848468,
1848564,
1849620,
1851245,
1851402,
1851617,
1851853,
1851868,
1852122,
1852396,
1852414,
1852628,
1852918,
1853146,
1853288,
1853376,
1853727,
1853965,
1854135,
1855297,
1855477,
1856159,
1856281,
1856302,
1856331,
1856348,
1856786,
1857463,
1857835,
1859249,
1859273,
1859491,
1859532,
1860422,
1860956,
1861020,
1861776,
1862017,
1862056,
1863050,
1863252,
1863463,
1863540,
1864423,
1864494,
1864640,
1865358,
1865404,
1865594,
1865935,
1866103,
1866109,
1866129,
1867010,
1867064,
1867890,
1867929,
1868670,
1868722,
1869369,
1869389,
1869931,
1870053,
1870537,
1870548,
1870655,
1870926,
1871122,
1872128,
1872374,
1872525,
1872547,
1872671,
1872956,
1873276,
1873437,
1873551,
1873606,
1873609,
1873792,
1874128,
1874337,
1874425,
1874428,
1874690,
1875387,
1876319,
1876923,
1877259,
1877499,
1877501,
1878116,
1878610,
1878647,
1878725,
1879047,
1879051,
1879096,
1879635,
1880108,
1880376,
1880605,
1880778,
1880856,
1880960,
1880988,
1881203,
1881515,
1881909,
1882268,
1882413,
1882509,
1882718,
1882864,
1883111,
1883429,
1883471,
1883523,
1883730,
1883978,
1884271,
1884661,
1884714,
1884833,
1884873,
1885736,
1885841,
1886013,
1886347,
1886361,
1887240,
1887808,
1887919,
1887997,
1888314,
1888517,
1888854,
1888974,
1889088,
1889551,
1889625,
1889946,
1890213,
1890469,
1891340,
1891507,
1891553,
1891633,
1892340,
1892712,
1892910,
1893008,
1893744,
1893825,
1894278,
1894962,
1896325,
1896341,
1896503,
1896611,
1897251,
1897321,
1897452,
1898780,
1899616,
1899639,
1900125,
1900798,
1900902,
1901020,
1901224,
1901292,
1901474,
1901887,
1901891,
1902332,
1902503,
1902606,
1902865,
1903027,
1903362,
1903404,
1903490,
1905325,
1905407,
1905787,
1906160,
1907088,
1907151,
1907176,
1907930,
1908166,
1908791,
1909065,
1909270,
1909305,
1909469,
1909631,
1909641,
1909659,
1909910,
1910240,
1910323,
1910384,
1910399,
1910693,
1911695,
1912283,
1912747,
1912777,
1912961,
1913170,
1913475,
1914017,
1914539,
1914547,
1914698,
1914757,
1915387,
1915500,
1915629,
1915724,
1916467,
1916530,
1916576,
1916696,
1917538,
1917562,
1918081,
1918218,
1918270,
1918572,
1919221,
1919253,
1919255,
1919304,
1920039,
1920169,
1920276,
1920356,
1920572,
1920597,
1921188,
1921221,
1921300,
1921578,
1921656,
1922444,
1922703,
1923049,
1923795,
1924412,
1924567,
1924663,
1924676,
1924888,
1924930,
1925175,
1925438,
1925761,
1926057,
1926488,
1926936,
1927079,
1927427,
1927618,
1927668,
1927867,
1928120,
1928498,
1928706,
1929172,
1929322,
1930490,
1930967,
1931165,
1931212,
1931552,
1931660,
1931708,
1932673,
1932730,
1932855,
1932869,
1932887,
1933424,
1933536,
1933927,
1934086,
1934211,
1934253,
1934413,
1934665,
1934694,
1935800,
1935845,
1935855,
1936096,
1936633,
1936656,
1936853,
1937039,
1937131,
1937335,
1937340,
1938244,
1938528,
1938546,
1938612,
1939176,
1939435,
1939533,
1939617,
1940437,
1940522,
1940668,
1941097,
1941120,
1941137,
1941827,
1941870,
1941928,
1941994,
1942078,
1942311,
1942376,
1942543,
1942657,
1942661,
1942713,
1942945,
1943682,
1944333,
1944873,
1945746,
1946267,
1946730,
1947456,
1947706,
1947767,
1947886,
1948423,
1948604,
1948657,
1948956,
1949908,
1950091,
1950452,
1950507,
1951618,
1952131,
1952606,
1953172,
1953367,
1953458,
1953505,
1953962,
1953967,
1954787,
1955461,
1955755,
1955756,
1956298,
1956386,
1956774,
1957452,
1958305,
1959337,
1959396,
1959506,
1959611,
1959643,
1959807,
1960049,
1960296,
1960718,
1961033,
1961046,
1961079,
1961368,
1961979,
1962204,
1962393,
1962464,
1962535,
1962588,
1962713,
1962857,
1962905,
1962973,
1963176,
1963267,
1963730,
1963793,
1963818,
1963893,
1963960,
1964018,
1964243,
1964395,
1964404,
1964480,
1964981,
1965259,
1965854,
1966228,
1966385,
1966616,
1966745,
1967190,
1967511,
1967697,
1967787,
1967954,
1968159,
1968743,
1969091,
1969139,
1969303,
1969990,
1970361,
1970863,
1971593,
1971594,
1972133,
1972368,
1973088,
1973309,
1973847,
1974390,
1974657,
1974980,
1975823,
1976423,
1977455,
1978019,
1978577,
1979288,
1979433,
1979664,
1979962,
1980172,
1980221,
1980796,
1980954,
1981081,
1981216,
1981261,
1981287,
1981567,
1981772,
1981933,
1982117,
1982276,
1982287,
1982703,
1982889,
1982993,
1983050,
1983495,
1984014,
1984059,
1984225,
1984330,
1984349,
1984399,
1984403,
1984986,
1985616,
1987461,
1987783,
1988271,
1988589,
1989095,
1989579,
1989950,
1990643,
1990650,
1990706,
1991024,
1991307,
1991453,
1991582,
1991630,
1991718,
1992285,
1992338,
1992382,
1992960,
1992962,
1993414,
1993699,
1993830,
1993850,
1994009,
1994055,
1994318,
1994445,
1995326,
1995552,
1995694,
1995760,
1995883,
1996192,
1996456,
1996827,
1997455,
1997473,
1997729,
1997987,
1998336,
1998443,
1998598,
1999324,
1999783,
1999925,
2000114,
2000207,
2000249,
2000329,
2000501,
2000510,
2000886,
2001272,
2001313,
2001581,
2001958,
2002308,
2002573,
2003165,
2004650,
2004662,
2004849,
2005229,
2005263,
2005613,
2005686,
2005949,
2006027,
2006162,
2006190,
2006525,
2007118,
2007269,
2007464,
2008383,
2008513,
2008616,
2009338,
2009362,
2009703,
2010118,
2010334,
2010602,
2011117,
2012088,
2012112,
2012265,
2012446,
2013071,
2013354,
2013510,
2013849,
2013920,
2014192,
2014213,
2014226,
2014271,
2014574,
2014661,
2015206,
2015919,
2015952,
2016367,
2016447,
2016485,
2016772,
2017135,
2017407,
2017552,
2017791,
2018028,
2018305,
2019392,
2019511,
2019841,
2019851,
2020033,
2020435,
2020759,
2021230,
2021377,
2022035,
2022567,
2022887,
2023368,
2024658,
2024826,
2025026,
2025286,
2025648,
2025986,
2026119,
2026262,
2026671,
2027627,
2027773,
2028398,
2028493,
2028981,
2029622,
2029654,
2029797,
2030193,
2030280,
2030574,
2030614,
2030822,
2031119,
2031152,
2031713,
2031792,
2031876,
2032280,
2033184,
2033365,
2033489,
2034625,
2034778,
2034902,
2035166,
2035477,
2035930,
2036030,
2037114,
2037123,
2038121,
2038545,
2038839,
2039671,
2039775,
2039918,
2040049,
2040205,
2040256,
2040504,
2040898,
2041554,
2041589,
2041900,
2042090,
2042129,
2042173,
2042264,
2042782,
2042918,
2043174,
2043202,
2043318,
2043617,
2043763,
2044114,
2044418,
2045003,
2045006,
2045038,
2045470,
2046152,
2047035,
2048252,
2048430,
2048629,
2048693,
2049230,
2049632,
2050716,
2050783,
2050895,
2052488,
2053373,
2053456,
2053910,
2054481,
2054598,
2054863,
2054873,
2055151,
2055354,
2055753,
2057012,
2057845,
2058038,
2058457,
2058694,
2059200,
2059795,
2060144,
2060198,
2060466,
2060518,
2060798,
2060964,
2061676,
2061917,
2062391,
2062909,
2063112,
2063177,
2063225,
2063929,
2064235,
2064530,
2064866,
2065004,
2065074,
2066380,
2066433,
2066589,
2067148,
2067153,
2067220,
2067466,
2067606,
2067876,
2067882,
2068270,
2068434,
2069311,
2069433,
2069576,
2069886,
2070452,
2070458,
2070585,
2070594,
2070698,
2070913,
2070989,
2071338,
2072479,
2072682,
2073071,
2073331,
2073881,
2074043,
2074560,
2074640,
2074839,
2075436,
2075614,
2075888,
2075947,
2076040,
2077343,
2078311,
2078775,
2078932,
2078946,
2079372,
2079386,
2079834,
2080535,
2080555,
2080829,
2081819,
2082111,
2082376,
2083055,
2083070,
2083072,
2083744,
2083975,
2085068,
2085540,
2086427,
2086553,
2086557,
2086663,
2086738,
2086764,
2087193,
2087681,
2087814,
2088073,
2088178,
2088267,
2088271,
2089492,
2090034,
2090106,
2091178,
2091196,
2091469,
2091956,
2092068,
2092227,
2092249,
2092318,
2092586,
2092615,
2093078,
2093409,
2093635,
2093739,
2093916,
2093973,
2094190,
2094270,
2094722,
2095165,
2095432,
2095474,
2095495,
2095647,
2096048,
2098036,
2098366,
2098485,
2098694,
2098744,
2098847,
2099303,
2099512,
2099729,
2099865,
2100295,
2100513,
2101144,
2101280,
2101547,
2101936,
2102002,
2102284,
2102649,
2102841,
2102849,
2103376,
2103908,
2104296,
2104601,
2105337,
2105647,
2105744,
2105847,
2106230,
2106504,
2106854,
2107041,
2107298,
2107456,
2107465,
2107503,
2107703,
2108006,
2108099,
2108186,
2108227,
2108665,
2109087,
2109988,
2110101,
2110446,
2110639,
2110850,
2111055,
2111296,
2111404,
2111458,
2111560,
2111697,
2112199,
2112214,
2112316,
2113252,
2113350,
2113974,
2114814,
2114825,
2115551,
2115611,
2115971,
2116227,
2116867,
2117202,
2117438,
2117443,
2117711,
2117882,
2118735,
2119352,
2119596,
2119605,
2120217,
2120307,
2120332,
2120500,
2121017,
2121043,
2121192,
2121240,
2121771,
2121832,
2122068,
2122202,
2122208,
2122293,
2122989,
2123586,
2123635,
2123956,
2124460,
2124590,
2124769,
2126018,
2126262,
2126966,
2126978,
2127142,
2127637,
2128005,
2128077,
2128081,
2128306,
2128355,
2128489,
2128759,
2129218,
2129980,
2130791,
2130793,
2131006,
2131274,
2131302,
2131772,
2132029,
2132241,
2132512,
2132595,
2132738,
2133000,
2133081,
2133093,
2133434,
2134234,
2134515,
2134540,
2134866,
2135062,
2135328,
2136249,
2136375,
2136619,
2137004,
2137349,
2137418,
2137581,
2137669,
2138064,
2138290,
2138427,
2138509,
2138638,
2138783,
2140107,
2140145,
2140246,
2140473,
2141062,
2141192,
2141574,
2141924,
2142013,
2142057,
2142118,
2142838,
2142862,
2143088,
2143256,
2143788,
2143893,
2144922,
2144971,
2145179,
2145338,
2145378,
2145560,
2145927,
2146458,
2146729,
2146884,
2146957,
2147615,
2148090,
2148739,
2149160,
2149294,
2149345,
2149522,
2150121,
2150286,
2150395,
2151063,
2151064,
2151233,
2151385,
2153360,
2154020,
2154198,
2154420,
2154638,
2154855,
2154966,
2155245,
2155724,
2156398,
2156645,
2156732,
2156916,
2157021,
2157625,
2157693,
2158328,
2158745,
2158847,
2159164,
2159231,
2159539,
2159865,
2159919,
2160011,
2160419,
2160469,
2160704,
2160872,
2161108,
2161230,
2161443,
2161537,
2161846,
2162820,
2163405,
2163420,
2163875,
2164112,
2164345,
2164458,
2164502,
2164508,
2164923,
2164937,
2165141,
2165353,
2165366,
2165453,
2165892,
2165894,
2166191,
2166229,
2166377,
2166499,
2166680,
2166791,
2166827,
2167315,
2168169,
2168546,
2168795,
2168930,
2168968,
2169051,
2169276,
2169407,
2169495,
2170444,
2170464,
2170845,
2170919,
2170973,
2171047,
2171080,
2171090,
2171185,
2171321,
2172165,
2172199,
2172767,
2173141,
2173254,
2173334,
2173367,
2173841,
2174222,
2174231,
2174343,
2174719,
2174908,
2175128,
2175524,
2175712,
2175866,
2175977,
2176010,
2176257,
2176796,
2176950,
2176992,
2177862,
2178149,
2178525,
2178815,
2179917,
2180074,
2180366,
2180505,
2180558,
2180929,
2180939,
2180946,
2181037,
2181191,
2182078,
2182277,
2182477,
2182605,
2182970,
2183439,
2183480,
2183556,
2183774,
2184303,
2184494,
2184685,
2184934,
2185228,
2185726,
2186274,
2186295,
2186311,
2186647,
2186834,
2186949,
2187010,
2187198,
2187385,
2187523,
2187558,
2188226,
2188248,
2188506,
2189173,
2189555,
2189573,
2189648,
2190293,
2190487,
2190554,
2190596,
2191410,
2191490,
2191969,
2192003,
2192022,
2192030,
2192039,
2192275,
2192431,
2192438,
2192542,
2192716,
2192825,
2193097,
2193111,
2193125,
2193295,
2193311,
2193592,
2193657,
2193770,
2193792,
2194234,
2194861,
2194879,
2195302,
2197195,
2197218,
2197892,
2198145,
2198244,
2198473,
2199087,
2199329,
2199706,
2200299,
2200326,
2200522,
2200714,
2201270,
2201568,
2201633,
2201787,
2202162,
2202199,
2202242,
2202247,
2202269,
2202593,
2202612,
2202873,
2203239,
2203563,
2203595,
2203976,
2204531,
2205545,
2205612,
2206002,
2206398,
2206504,
2206819,
2206901,
2207019,
2207166,
2207501,
2207747,
2207757,
2208109,
2208338,
2208787,
2209087,
2209269,
2209357,
2210434,
2210666,
2210667,
2211004,
2211337,
2211442,
2211586,
2212008,
2212129,
2212145,
2213035,
2213875,
2214352,
2214532,
2214537,
2214547,
2214668,
2214784,
2215016,
2215169,
2215171,
2215436,
2216378,
2216457,
2217227,
2217515,
2218064,
2218124,
2218285,
2218286,
2218321,
2218460,
2219368,
2219892,
2220352,
2220372,
2220582,
2220910,
2221219,
2221653,
2221786,
2221870,
2221912,
2221914,
2221954,
2221972,
2222152,
2222439,
2222584,
2222720,
2223851,
2223922,
2224186,
2224206,
2224315,
2224336,
2224422,
2224473,
2224652,
2224667,
2225157,
2225337,
2225365,
2225415,
2225897,
2226308,
2226544,
2226663,
2226756,
2227336,
2227499,
2227944,
2228536,
2228852,
2230592,
2230594,
2230777,
2231046,
2231113,
2231504,
2232209,
2232305,
2232407,
2232515,
2233308,
2234329,
2234739,
2235061,
2235399,
2236873,
2237116,
2237484,
2237585,
2237882,
2237920,
2239012,
2239628,
2240243,
2240584,
2241087,
2241214,
2241265,
2242111,
2242164,
2242591,
2242638,
2243107,
2243207,
2243265,
2243279,
2243595,
2244322,
2244458,
2245620,
2246010,
2246169,
2247299,
2248483,
2248704,
2249013,
2249169,
2249186,
2249207,
2249986,
2250232,
2250615,
2250887,
2251293,
2251551,
2251757,
2251765,
2252933,
2253098,
2253615,
2253797,
2253903,
2254673,
2255683,
2255744,
2256918,
2256982,
2257037,
2257369,
2257496,
2257500,
2258241,
2258927,
2259312,
2259365,
2259691,
2259826,
2259837,
2260306,
2260760,
2260933,
2261252,
2261680,
2261772,
2262542,
2263015,
2263082,
2263135,
2263302,
2263442,
2263470,
2263529,
2263538,
2264111,
2264767,
2264867,
2264887,
2265286,
2265794,
2266048,
2266885,
2267784,
2268150,
2268422,
2268841,
2269414,
2269462,
2269953,
2270120,
2271271,
2271326,
2271830,
2272352,
2272529,
2272533,
2273157,
2274014,
2274492,
2274693,
2274698,
2274967,
2274989,
2275540,
2275637,
2275907,
2275911,
2275934,
2275998,
2276071,
2276129,
2276200,
2276340,
2276571,
2276612,
2276629,
2277619,
2277850,
2277915,
2279000,
2279224,
2279416,
2280091,
2280098,
2280154,
2280197,
2281017,
2281816,
2282019,
2282271,
2282275,
2282649,
2282664,
2283250,
2283547,
2283901,
2283987,
2283996,
2284269,
2285123,
2285124,
2285476,
2285947,
2286130,
2286167,
2286174,
2287134,
2287832,
2287893,
2288192,
2288569,
2288972,
2289111,
2289900,
2291379,
2291458,
2291474,
2292132,
2292353,
2292538,
2292799,
2292896,
2293271,
2293532,
2294505,
2294850,
2294899,
2295343,
2295648,
2295803,
2296214,
2296966,
2297202,
2297216,
2297666,
2298029,
2298195,
2298666,
2299145,
2300031,
2300663,
2301273,
2301471,
2301511,
2302056,
2302113,
2302188,
2302592,
2302826,
2302916,
2303621,
2303810,
2304302,
2304539,
2305257,
2305379,
2305497,
2305549,
2306423,
2306440,
2306444,
2306715,
2306829,
2306859,
2307644,
2307755,
2307983,
2309874,
2310022,
2310116,
2310700,
2311510,
2311782,
2311995,
2312139,
2312243,
2312429,
2313392,
2313458,
2313987,
2314232,
2315447,
2315561,
2316728,
2317626,
2318194,
2318340,
2318453,
2318458,
2318980,
2319271,
2319589,
2319635,
2319952,
2320021,
2320287,
2320377,
2320437,
2321038,
2321202,
2321208,
2321266,
2321307,
2322236,
2322786,
2322845,
2322875,
2322991,
2323041,
2323607,
2323812,
2323929,
2324660,
2326164,
2326182,
2326731,
2326916,
2327444,
2327505,
2327708,
2327733,
2328067,
2328068,
2328197,
2329514,
2329908,
2330400,
2330512,
2330789,
2330836,
2332590,
2332713,
2333173,
2333241,
2333480,
2333713,
2334089,
2334228,
2334979,
2335161,
2335464,
2335859,
2336623,
2336791,
2337026,
2338034,
2338273,
2338554,
2339177,
2339798,
2339847,
2340005,
2340059,
2340079,
2340308,
2340310,
2340327,
2340473,
2340651,
2340900,
2341185,
2341210,
2341402,
2341509,
2341708,
2341743,
2341989,
2342610,
2344001,
2344109,
2344119,
2344125,
2344758,
2345629,
2345661,
2346291,
2346343,
2347353,
2348147,
2348589,
2348621,
2349102,
2349111,
2350841,
2351863,
2352586,
2352803,
2353036,
2353384,
2355196,
2355309,
2356054,
2356308,
2357496,
2357689,
2357733,
2358292,
2358394,
2358463,
2358660,
2359423,
2359949,
2359956,
2361098,
2361669,
2361955,
2362193,
2362322,
2362586,
2363389,
2364148,
2364295,
2364750,
2364789,
2365091,
2366019,
2366068,
2366339,
2366351,
2366966,
2367040,
2367629,
2367913,
2368657,
2369391,
2369427,
2369606,
2369613,
2369778,
2369842,
2370625,
2370744,
2371015,
2371806,
2371909,
2372223,
2372460,
2372782,
2373777,
2373791,
2374855,
2375042,
2375347,
2375471,
2376512,
2377207,
2378783,
2378964,
2380686,
2380805,
2381353,
2381525,
2382765,
2382904,
2383662,
2383708,
2385012,
2385103,
2385148,
2385692,
2386036,
2386317,
2387318,
2387370,
2387427,
2387511,
2388042,
2388437,
2388690,
2389745,
2389996,
2390178,
2390972,
2391102,
2391762,
2391764,
2392379,
2392476,
2393199,
2393425,
2393618,
2393675,
2393741,
2393816,
2393973,
2395058,
2397734,
2398467,
2399080,
2399497,
2400254,
2400325,
2400744,
2401580,
2401827,
2402632,
2402775,
2402858,
2403043,
2403112,
2403115,
2403227,
2403322,
2403484,
2403591,
2403765,
2404128,
2404136,
2404187,
2404523,
2405156,
2406153,
2406288,
2406655,
2406762,
2406976,
2407023,
2408298,
2408395,
2408494,
2408705,
2409539,
2409720,
2410770,
2410908,
2412455,
2414323,
2414641,
2416555,
2416574,
2417620,
2417882,
2417911,
2419307,
2420093,
2420557,
2420864,
2421359,
2421520,
2422106,
2422199,
2422752,
2423649,
2423673,
2424054,
2424166,
2424297,
2424867,
2425208,
2425294,
2426029,
2426168,
2426309,
2426514,
2427952,
2428805,
2429583,
2429592,
2430124,
2430310,
2430533,
2431048,
2432186,
2432414,
2433171,
2433259,
2433266,
2433361,
2433958,
2434725,
2435619,
2436629,
2436700,
2437159,
2437656,
2438242,
2438555,
2440480,
2441257,
2441774,
2441979,
2442226,
2442455,
2443630,
2444550,
2444633,
2444724,
2444728,
2444880,
2445295,
2445374,
2446711,
2447075,
2447631,
2447647,
2447752,
2447972,
2448194,
2448426,
2448713,
2449573,
2449677,
2449768,
2450057,
2450369,
2450739,
2451582,
2452222,
2453115,
2453550,
2453938,
2454126,
2454393,
2454520,
2455274,
2455442,
2455879,
2456019,
2456141,
2457673,
2457720,
2457826,
2457847,
2458655,
2458760,
2458881,
2459172,
2459394,
2459843,
2459884,
2460388,
2461106,
2461248,
2461580,
2461642,
2462335,
2462682,
2463118,
2463291,
2464020,
2464269,
2466470,
2466795,
2468340,
2468356,
2468678,
2468936,
2469223,
2469304,
2469612,
2469704,
2470090,
2472071,
2472278,
2472807,
2473165,
2473522,
2473997,
2474457,
2474796,
2475897,
2476324,
2476802,
2476936,
2477057,
2479438,
2479643,
2480709,
2481157,
2482383,
2482496,
2483650,
2483859,
2484028,
2484309,
2484538,
2484624,
2485305,
2485694,
2486339,
2486527,
2486616,
2486644,
2487027,
2487199,
2489084,
2490903,
2491003,
2491706,
2493214,
2493405,
2493676,
2493708,
2494178,
2494830,
2496233,
2496421,
2498034,
2499035,
2499094,
2499202,
2499887,
2500889,
2500944,
2502117,
2503269,
2503432,
2504410,
2504477,
2505303,
2505713,
2505765,
2505773,
2506405,
2506844,
2506897,
2506918,
2506994,
2507004,
2507217,
2507369,
2507673,
2507969,
2508366,
2510094,
2510373,
2511214,
2513126,
2514179,
2514720,
2515263,
2515334,
2515877,
2515928,
2516962,
2517603,
2518211,
2518510,
2518976,
2519275,
2519670,
2519798,
2519818,
2520796,
2521198,
2521646,
2522613,
2522942,
2523169,
2523586,
2524071,
2524974,
2526188,
2527321,
2527432,
2529288,
2530502,
2531087,
2531572,
2532079,
2532414,
2532485,
2532735,
2533476,
2533689,
2534185,
2534186,
2534860,
2535247,
2535596,
2538168,
2538230,
2538819,
2539842,
2544668,
2545694,
2546513,
2549741,
2550326